MeshAnim
1
13
24
30
0.1900954 0.9817656 -1.766402E-07 0
-0.9817656 0.1900954 -2.01475E-07 0
-1.788139E-07 1.788139E-07 0.9999999 0
6.026044 48.36493 -16.7316 1

5.960464E-08 1.899898E-07 0.9999999 0
0.9921834 -0.1247871 -4.472885E-08 0
0.1247871 0.9921834 -2.039592E-07 0
6.03146 48.36459 -16.7316 1

2.45883E-07 1.724698E-07 -0.9999999 0
-0.9866207 0.1630321 -2.049245E-07 0
0.1630321 0.9866207 1.755153E-07 0
4.720901 48.61765 -16.7316 1

3.496604E-08 1.286204E-07 0.9999999 0
0.9878183 -0.1556105 -2.356975E-08 0
0.1556105 0.9878183 -1.407968E-07 0
7.683025 48.15687 -16.7316 1

-0.3751666 -0.9269525 0.002968996 0
0.8732937 -0.3523715 0.3364406 0
-0.3108183 0.1288141 0.9416999 0
6.495825 48.17945 -16.03824 1

-0.3518474 -0.9338393 0.06440099 0
0.8748175 -0.3525256 -0.3322948 0
0.3330129 -0.06057788 0.9409742 0
6.495825 48.17945 -17.42497 1

3.009425E-07 2.519591E-07 -0.9999999 0
-0.9914895 0.1301855 -2.548813E-07 0
0.1301855 0.9914895 2.545955E-07 0
3.30285 48.85197 -16.7316 1

1.324735E-08 8.474925E-08 0.9999999 0
0.9870791 -0.1602321 -8.502028E-09 0
0.1602321 0.9870791 -9.412116E-08 0
8.542494 48.02148 -16.7316 1

-0.1214152 0.03843191 0.9918573 0
0.8665616 -0.4832135 0.1248008 0
0.4840754 0.8746585 0.0253659 0
7.528468 47.76278 -15.64041 1

0.1390176 0.01931301 0.9901015 0
0.8755912 -0.4694605 -0.1137822 0
0.4626162 0.882742 -0.08217352 0
7.53027 47.7626 -17.8179 1

3.15941E-07 3.663715E-07 -0.9999999 0
-0.9913386 0.1313304 -2.544299E-07 0
0.1313304 0.9913384 3.70281E-07 0
2.135484 49.00525 -16.7316 1

0.9883208 -0.02364273 0.1505416 0
-0.1346941 0.3264866 0.9355555 0
-0.07126889 -0.9449059 0.319489 0
2.766806 48.36392 -16.44789 1

0.6841554 0.7136304 0.1505416 0
-0.1346934 0.3264873 -0.9355554 0
-0.7167908 0.6197883 0.3194894 0
2.766806 48.36392 -17.01532 1

3.403653E-07 2.761505E-07 -0.9999999 0
-0.9895253 -0.1443585 -3.570149E-07 0
-0.1443585 0.9895251 1.939316E-07 0
1.41574 49.10059 -16.73161 1

-0.7487109 0.5493273 0.371041 0
0.6607403 0.5733107 0.4844965 0
0.05342544 0.6079093 -0.7922068 0
2.677338 48.883 -15.48574 1

0.7488031 -0.5490941 0.3712007 0
0.6606619 0.573483 -0.4843998 0
0.05310374 0.6079581 0.7921915 0
2.677339 48.88301 -17.97747 1

0.792836 0.4534766 0.4071488 0
-0.6065285 0.6523031 0.454559 0
-0.05945258 -0.6073378 0.7922159 0
4.487724 50.45384 -14.15825 1

-0.7926122 -0.4539026 0.4071107 0
-0.6068379 0.6521761 -0.4543292 0
-0.05928661 -0.6071566 -0.7923678 0
4.487573 50.45436 -19.30474 1

-0.7455083 0.4342265 -0.5056332 0
-0.07279907 0.7010527 0.7093838 0
0.6625087 0.5656609 -0.4910294 0
1.490822 53.67692 -11.91224 1

0.2299761 0.8311203 0.5063099 0
0.8502605 -0.4246985 0.3109478 0
0.4734644 0.3589846 -0.8043393 0
1.490822 53.67692 -11.91224 1

0.7331634 -0.4467219 -0.5127499 0
-0.07257396 0.6982826 -0.7121342 0
0.67617 0.5593222 0.4795347 0
1.489031 53.67694 -21.54969 1

-0.2539352 -0.8262148 0.5028781 0
0.8333855 -0.4507806 -0.3197905 0
0.4909034 0.337885 0.8030245 0
1.489031 53.67694 -21.54969 1

-0.3954239 0.8360139 -0.3804213 0
-0.03926169 0.3984139 0.9163649 0
0.9176593 0.3772886 -0.124719 0
1.265735 55.8445 -9.718903 1

0.3718617 -0.8438427 -0.3868452 0
-0.05417486 0.3962916 -0.9165254 0
0.9267066 0.3617776 0.1016507 0
1.264638 55.83596 -23.75154 1

0.1094148 0.9939961 -1.184936E-07 0
-0.9939961 0.1094147 -1.322525E-07 0
-1.192093E-07 1.192093E-07 0.9999999 0
6.028783 48.38002 -16.7316 1

1.788139E-07 1.881271E-07 0.9999999 0
0.9989318 -0.04620633 -1.733057E-07 0
0.04620634 0.9989318 -1.954504E-07 0
6.03146 48.37928 -16.7316 1

1.508917E-07 1.771265E-07 -0.9999999 0
-0.9910853 0.1332281 -1.276064E-07 0
0.1332281 0.9910852 1.827363E-07 0
4.707381 48.52548 -16.7316 1

1.590884E-07 1.250069E-07 0.9999999 0
0.9999629 -0.008586518 -1.613544E-07 0
0.008586526 0.9999629 -1.255037E-07 0
7.694259 48.30237 -16.7316 1

-0.1718655 -0.985111 0.004324293 0
0.92778 -0.1603845 0.3368987 0
-0.331189 0.06191324 0.941531 0
6.50897 48.23132 -16.03824 1

-0.1769983 -0.9840468 -0.0179825 0
0.928629 -0.1609216 -0.3342935 0
0.3260668 -0.07586858 0.9422973 0
6.50897 48.23132 -17.42497 1

2.035309E-07 2.582388E-07 -0.9999999 0
-0.9927686 0.120043 -1.725457E-07 0
0.120043 0.9927685 2.678687E-07 0
3.282913 48.71696 -16.7316 1

1.440605E-07 7.841783E-08 0.9999999 0
0.9980072 0.06309489 -1.519959E-07 0
-0.06309489 0.9980073 -6.806994E-08 0
8.564295 48.2949 -16.7316 1

-0.127028 0.01344975 0.991808 0
0.9917642 0.01819122 0.1267757 0
-0.01633698 0.9997442 -0.01564976 0
7.606042 48.04167 -15.63987 1

0.1201495 -0.03650431 0.9920843 0
0.9660555 -0.2259064 -0.1253095 0
0.2286926 0.9734647 0.008122541 0
7.607046 48.04103 -17.82026 1

2.173591E-07 3.727985E-07 -0.9999999 0
-0.9926293 0.1211894 -1.72079E-07 0
0.1211894 0.9926292 3.834591E-07 0
2.11404 48.8583 -16.7316 1

0.9885109 -0.01353816 0.1505415 0
-0.1380246 0.3250926 0.9355555 0
-0.06160562 -0.945585 0.319489 0
2.751886 48.22346 -16.44789 1

0.6768245 0.720587 0.1505416 0
-0.1380241 0.3250933 -0.9355553 0
-0.7230892 0.6124283 0.3194894 0
2.751886 48.22346 -17.01532 1

2.427044E-07 2.82832E-07 -0.9999999 0
-0.9808108 -0.1949606 -2.905741E-07 0
-0.1949606 0.9808106 2.173318E-07 0
1.39336 48.94629 -16.7316 1

-0.8549936 0.5185764 -0.008015618 0
0.4715416 0.7836952 0.404314 0
0.2159496 0.341906 -0.9145849 0
2.657117 48.74161 -15.48574 1

0.8551462 -0.518328 -0.007838728 0
0.4713876 0.7838166 -0.4042592 0
0.215683 0.3420055 0.9146111 0
2.657118 48.74161 -17.97746 1

0.8668723 0.360467 0.3443773 0
-0.4469914 0.8678833 0.2167421 0
-0.2207509 -0.3418212 0.9134696 0
3.949111 50.88888 -14.37795 1

-0.8667167 -0.3609653 0.3442482 0
-0.4473772 0.8677517 -0.216474 0
-0.2205824 -0.3416303 -0.9135823 0
3.948733 50.88929 -19.08515 1

-0.6327528 0.286699 -0.719324 0
0.03044602 0.9374276 0.3468462 0
0.773755 0.1975671 -0.6018887 0
1.740493 55.17715 -13.30701 1

0.2326437 0.9441667 0.2332928 0
0.8475882 -0.3144629 0.4274425 0
0.4769391 0.09829412 -0.8734226 0
1.740493 55.17715 -13.30701 1

0.6180891 -0.2996866 -0.7267423 0
0.04002897 0.9352806 -0.351637 0
0.7850887 0.1882521 0.5900828 0
1.738128 55.17707 -20.1548 1

-0.2392808 -0.9445693 0.2247966 0
0.8383378 -0.3177863 -0.442947 0
0.4898316 0.08246662 0.8679087 0
1.738128 55.17707 -20.1548 1

-0.4325123 0.4996161 -0.750544 0
0.2233281 0.8658559 0.4476801 0
0.8735316 0.02600934 -0.4860718 0
1.834629 58.07559 -12.2346 1

0.4121312 -0.5022194 -0.7602129 0
0.227493 0.8646619 -0.4478918 0
0.8822672 0.01164677 0.4706055 0
1.861892 58.06887 -21.24203 1

0.06450671 0.9979172 -1.487633E-07 0
-0.9979172 0.06450672 -1.865037E-07 0
-2.086163E-07 1.192093E-07 0.9999999 0
6.031522 48.42467 -16.7316 1

1.192093E-07 1.890585E-07 0.9999999 0
0.9999014 0.01404024 -1.20883E-07 0
-0.01404024 0.9999013 -1.862527E-07 0
6.03146 48.42275 -16.7316 1

2.20151E-07 5.923222E-08 -0.9999999 0
-0.9934578 0.1141992 -1.825155E-07 0
0.1141992 0.9934577 3.953791E-08 0
4.704907 48.51042 -16.7316 1

1.033211E-07 1.248648E-07 0.9999999 0
0.9947045 0.1027751 -1.14543E-07 0
-0.1027751 0.9947044 -1.125619E-07 0
7.695873 48.44613 -16.7316 1

-0.09234557 -0.9957269 0.0001718594 0
0.9374405 -0.08688175 0.3371302 0
-0.3356747 0.03129359 0.941458 0
6.517015 48.30382 -16.03824 1

-0.1046383 -0.9939381 -0.0337272 0
0.9386533 -0.0874988 -0.3335773 0
0.3286042 -0.06656302 0.9421191 0
6.517015 48.30382 -17.42497 1

2.712251E-07 1.413389E-07 -0.9999999 0
-0.9941348 0.1081479 -2.246478E-07 0
0.1081479 0.9941347 1.255745E-07 0
3.277029 48.67456 -16.7316 1

9.357254E-08 7.689246E-08 0.9999999 0
0.9739803 0.2266316 -1.073803E-07 0
-0.2266317 0.9739803 -5.280374E-08 0
8.561333 48.53555 -16.7316 1

-0.1283172 -0.0008548244 0.9917327 0
0.9877506 0.08941511 0.127879 0
-0.08878519 0.995994 -0.01062913 0
7.62551 48.20108 -15.63959 1

0.1202503 -0.04311036 0.991807 0
0.9826903 -0.13665 -0.1250847 0
0.1409229 0.9896807 0.02593196 0
7.626944 48.20036 -17.81941 1

2.836807E-07 2.560561E-07 -0.9999999 0
-0.9940092 0.1092959 -2.243455E-07 0
0.1092959 0.9940091 2.412252E-07 0
2.106548 48.80189 -16.7316 1

0.9886021 -0.001701706 0.1505415 0
-0.1419071 0.3234168 0.9355555 0
-0.05027966 -0.9462548 0.3194891 0
2.751949 48.17474 -16.44789 1

0.6681483 0.7286391 0.1505415 0
-0.1419065 0.3234173 -0.9355554 0
-0.73037 0.6037269 0.3194893 0
2.751949 48.17474 -17.01532 1

3.101014E-07 1.663994E-07 -0.9999999 0
-0.9753076 -0.2208502 -2.967167E-07 0
-0.2208502 0.9753075 6.159419E-08 0
1.384866 48.88124 -16.7316 1

-0.907285 0.3968146 -0.139185 0
0.232587 0.7492824 0.6200635 0
0.3503391 0.5302014 -0.7721067 0
2.650982 48.69171 -15.48574 1

0.9074259 -0.396556 -0.1390037 0
0.2324828 0.749327 -0.6200494 0
0.3500435 0.5303328 0.7721511 0
2.650983 48.69171 -17.97747 1

0.8410645 0.1790632 0.5104385 0
-0.4087766 0.8284048 0.3829459 0
-0.3542781 -0.5307368 0.7699383 0
3.288256 50.74469 -13.78681 1

-0.8410094 -0.1795468 0.5103593 0
-0.4090825 0.8283713 -0.3826923 0
-0.3540558 -0.5306267 -0.7701173 0
3.287993 50.74488 -19.67642 1

-0.5719137 0.377418 -0.7283341 0
0.04376691 0.9006466 0.4323422 0
0.8191457 0.2153853 -0.5316106 0
1.268461 54.8379 -11.89464 1

0.127522 0.8763389 0.4645088 0
0.962326 -0.2227109 0.1559764 0
0.2401393 0.4271182 -0.8717243 0
1.268461 54.8379 -11.89464 1

0.558155 -0.3815685 -0.7367968 0
0.04861261 0.9015013 -0.4300387 0
0.8283121 0.2042101 0.5217261 0
1.266611 54.83808 -21.5674 1

-0.1348618 -0.8792756 0.4568229 0
0.9631606 -0.224585 -0.1479312 0
0.2326678 0.4200433 0.8771715 0
1.266611 54.83808 -21.5674 1

-0.7307449 0.455752 -0.5082341 0
0.3261701 0.8871205 0.3265424 0
0.5996875 0.07284813 -0.7969115 0
1.403784 57.62261 -10.55789 1

0.7249801 -0.4530459 -0.518801 0
0.3293969 0.8895615 -0.3165103 0
0.6048989 0.05857204 0.7941458 0
1.416916 57.62543 -22.89704 1

0.08223277 0.9966131 -1.188056E-07 0
-0.9966131 0.08223285 -9.80292E-09 0
-1.192093E-07 2.131628E-14 1 0
6.034261 48.49269 -16.7316 1

0 1.899898E-07 0.9999999 0
0.9989305 0.04623588 -5.511747E-09 0
-0.04623589 0.9989305 -1.898623E-07 0
6.03146 48.48899 -16.7316 1

1.376263E-07 1.77902E-07 -1 0
-0.992555 0.1217974 -7.068808E-09 0
0.1217974 0.992555 6.049214E-08 0
4.70938 48.60201 -16.7316 1

-1.381252E-08 1.253178E-07 0.9999999 0
0.988664 0.1501433 -1.91282E-09 0
-0.1501433 0.988664 -1.263876E-07 0
7.694256 48.56595 -16.7316 1

-0.09325297 -0.9956337 -0.004160691 0
0.9372472 -0.08919293 0.337064 0
-0.3359635 0.02753269 0.9414724 0
6.520594 48.38575 -16.03824 1

-0.1007695 -0.9947766 -0.01627283 0
0.938169 -0.08956514 -0.3343902 0
0.3311861 -0.04896303 0.9422941 0
6.520594 48.38575 -17.42497 1

1.893273E-07 2.596154E-07 -1 0
-0.9937983 0.1111984 -5.000786E-08 0
0.1111983 0.9937981 1.473691E-07 0
3.282799 48.77707 -16.7316 1

-2.125984E-08 7.69347E-08 0.9999999 0
0.9583186 0.2857006 1.551225E-09 0
-0.2857007 0.9583187 -8.066435E-08 0
8.554461 48.69659 -16.7316 1

-0.1286523 -0.005021803 0.9916769 0
0.990975 0.03730091 0.1287501 0
-0.03763702 0.9992915 0.0001777225 0
7.62886 48.28029 -15.63967 1

0.1228638 -0.02547343 0.9920965 0
0.9800983 -0.1539446 -0.1253306 0
0.1559205 0.987751 0.006052269 0
7.62995 48.27985 -17.82037 1

2.021348E-07 3.742938E-07 -1 0
-0.9936692 0.1123461 -4.968042E-08 0
0.112346 0.9936691 2.62818E-07 0
2.112714 48.90799 -16.7316 1

0.9885923 -0.004735749 0.1505414 0
-0.1409138 0.3238507 0.9355556 0
-0.05318341 -0.9460961 0.3194891 0
2.756187 48.27885 -16.44789 1

0.6703814 0.7265851 0.1505415 0
-0.1409134 0.3238514 -0.9355555 0
-0.7285139 0.6059657 0.3194895 0
2.756187 48.27885 -17.01532 1

2.282802E-07 2.845565E-07 -1 0
-0.9792644 -0.2025855 -1.364557E-07 0
-0.2025856 0.9792643 1.411175E-07 0
1.391279 48.98956 -16.7316 1

-0.9326173 0.334428 -0.1355848 0
-0.05313388 0.2443674 0.968226 0
0.3569341 0.910188 -0.210132 0
2.656808 48.79613 -15.48574 1

0.9327393 -0.3341621 -0.1354016 0
-0.05302786 0.2443151 -0.9682452 0
0.3566312 0.9103001 0.2101622 0
2.656809 48.79613 -17.97746 1

0.7757928 -0.1688291 0.6079826 0
-0.5181611 0.3793929 0.7665317 0
-0.3600768 -0.9097019 0.2068497 0
2.511225 49.46568 -12.83286 1

-0.7758265 0.1684746 0.608038 0
-0.5182576 0.3794879 -0.7664196 0
-0.359865 -0.9097283 -0.2071033 0
2.511511 49.46556 -20.63049 1

-0.5918524 0.6583295 -0.4650952 0
-0.1221331 0.497102 0.8590539 0
0.7967402 0.5652359 -0.2138071 0
-0.04904723 51.34029 -9.045374 1

-0.02841489 0.3404194 0.9398445 0
0.9994885 0.023513 0.02170124 0
-0.01471135 0.9399799 -0.3409134 0
-0.04904723 51.34029 -9.045374 1

0.5792879 -0.6641749 -0.4725443 0
-0.1202929 0.5037161 -0.8554537 0
0.8061984 0.5523969 0.2119009 0
-0.04933476 51.34071 -24.41756 1

0.02321934 -0.3463512 0.9378179 0
0.9990461 0.04274233 -0.008949766 0
-0.03698486 0.937131 0.3470133 0
-0.04933476 51.34071 -24.41756 1

-0.9789035 0.2000026 -0.0418033 0
0.1136605 0.7030367 0.7020118 0
0.1697932 0.68245 -0.7109376 0
-0.4266703 52.87728 -6.389269 1

0.979135 -0.1978047 -0.04656934 0
0.1116358 0.7150664 -0.6900858 0
0.1698021 0.6704876 0.7222282 0
-0.4212677 52.89816 -27.06254 1

0.1378163 0.9904577 -2.074787E-07 0
-0.9904577 0.1378163 -1.356383E-07 0
-1.490116E-07 2.384186E-07 0.9999999 0
6.038929 48.56984 -16.7316 1

1.788139E-07 1.881271E-07 0.9999999 0
0.9991586 0.04100889 -1.837025E-07 0
-0.0410089 0.9991587 -1.824389E-07 0
6.03146 48.56412 -16.7316 1

1.825614E-07 -2.371316E-09 -0.9999999 0
-0.9898071 0.1424142 -1.359018E-07 0
0.1424142 0.9898071 3.157193E-08 0
4.722231 48.75305 -16.7316 1

1.646632E-07 1.235283E-07 0.9999999 0
0.9935671 0.1132423 -1.750544E-07 0
-0.1132423 0.9935672 -1.060788E-07 0
7.694636 48.63238 -16.7316 1

-0.1372276 -0.9905217 -0.005929734 0
0.9323943 -0.1311908 0.3367931 0
-0.3343789 0.04068841 0.9415599 0
6.520047 48.45832 -16.03824 1

-0.1369664 -0.9905517 0.00689027 0
0.9331437 -0.1313563 -0.3346461 0
0.3323895 -0.03940571 0.9423186 0
6.520047 48.45832 -17.42497 1

2.359507E-07 7.824924E-08 -0.9999999 0
-0.9931885 0.1165178 -1.803118E-07 0
0.1165179 0.9931884 1.143044E-07 0
3.2996 48.95774 -16.7316 1

1.554203E-07 7.54559E-08 0.9999999 0
0.9769273 0.2135707 -1.656267E-07 0
-0.2135707 0.9769274 -4.276123E-08 0
8.559107 48.73091 -16.7316 1

-0.1287097 -0.00109951 0.9916814 0
0.9881087 -0.08495611 0.1281518 0
0.08410849 0.996384 0.01202103 0
7.622574 48.3032 -15.63999 1

0.1252309 -0.007200075 0.9921015 0
0.965028 -0.2312361 -0.1234916 0
0.2302988 0.9728709 -0.02200971 0
7.623461 48.303 -17.82068 1

2.49372E-07 1.928574E-07 -0.9999999 0
-0.9930533 0.1176648 -1.800224E-07 0
0.1176648 0.9930532 2.299039E-07 0
2.130233 49.09492 -16.7316 1

0.9885527 -0.01002881 0.1505415 0
-0.1391778 0.3246007 0.9355555 0
-0.05824839 -0.9457977 0.3194891 0
2.770329 48.46236 -16.44789 1

0.6742621 0.7229852 0.1505415 0
-0.1391773 0.3246011 -0.9355554 0
-0.7252588 0.6098576 0.3194893 0
2.770329 48.46236 -17.01532 1

2.750366E-07 1.029813E-07 -0.9999999 0
-0.9855232 -0.1695391 -2.48015E-07 0
-0.1695391 0.9855231 7.630482E-08 0
1.409245 49.18036 -16.7316 1

-0.9663976 0.227165 -0.1202974 0
-0.1963705 -0.3504383 0.9157683 0
0.1658736 0.9086189 0.3832713 0
2.673721 48.98016 -15.48574 1

0.9664857 -0.2268889 -0.1201119 0
-0.1961012 -0.3505318 -0.9157903 0
0.1656796 0.9086524 -0.3832773 0
2.673721 48.98016 -17.97746 1

0.8002833 -0.3549202 0.4832991 0
-0.5753996 -0.2277846 0.7855122 0
-0.168706 -0.9067222 -0.3865133 0
2.135678 48.01998 -12.9766 1

-0.8003233 0.3547241 0.4833781 0
-0.5753751 -0.2276785 -0.7855614 0
-0.1686027 -0.9068264 0.3863159 0
2.136398 48.01969 -20.48676 1

-0.7362173 0.663188 -0.134779 0
-0.2715879 -0.1071197 0.9564338 0
0.6198578 0.7407473 0.2589772 0
-0.7074134 46.89448 -9.095322 1

-0.08615246 -0.3256164 0.9415689 0
0.9552134 0.2415538 0.1709359 0
-0.2830992 0.9141256 0.2902227 0
-0.7074134 46.89448 -9.095322 1

0.7257944 -0.6738834 -0.1382199 0
-0.273419 -0.0982186 -0.956868 0
0.6312413 0.7322808 -0.2555391 0
-0.7066796 46.89468 -24.36842 1

0.08172463 0.3216258 0.9433339 0
0.947916 0.2672828 -0.1732506 0
-0.3078588 0.9083599 -0.2830307 0
-0.7066796 46.89468 -24.36842 1

-0.9181625 -0.3852096 -0.0926851 0
-0.1924383 0.2290962 0.9541921 0
-0.3463303 0.8939394 -0.2844768 0
-1.547137 46.56328 -6.138126 1

0.9161572 0.3896023 -0.09416485 0
-0.201326 0.2441483 -0.9486099 0
-0.3465902 0.8880332 0.302115 0
-1.552065 46.59099 -27.32697 1

0.2042374 0.9789213 -1.166965E-07 0
-0.9789213 0.2042373 -1.435563E-07 0
-1.192093E-07 1.192093E-07 0.9999999 0
6.043598 48.63786 -16.7316 1

5.960464E-08 1.895241E-07 0.9999999 0
0.9999663 -0.008201736 -5.862691E-08 0
0.008201736 0.9999663 -1.909171E-07 0
6.03146 48.63036 -16.7316 1

1.733734E-07 1.130425E-07 -0.9999999 0
-0.9870699 0.1602896 -1.54962E-07 0
0.1602896 0.9870699 1.154237E-07 0
4.742236 48.90937 -16.7316 1

4.229267E-08 1.256997E-07 0.9999999 0
0.9999997 -0.0005182856 -4.281319E-08 0
0.0005182847 0.9999996 -1.266276E-07 0
7.695981 48.6167 -16.7316 1

-0.230686 -0.973006 -0.006556192 0
0.915801 -0.2193902 0.3364169 0
-0.328774 0.07160249 0.9416903 0
6.51425 48.50065 -16.03824 1

-0.2204654 -0.9747587 0.03521748 0
0.91674 -0.2194045 -0.3338403 0
0.3331406 -0.04131491 0.9419715 0
6.51425 48.50065 -17.42497 1

2.282118E-07 1.926844E-07 -0.9999999 0
-0.9940131 0.1092604 -2.065071E-07 0
0.1092604 0.994013 1.924496E-07 0
3.323539 49.13975 -16.7316 1

2.764116E-08 7.899088E-08 0.9999999 0
0.9995347 0.03049551 -3.065066E-08 0
-0.03049551 0.9995347 -7.89986E-08 0
8.566048 48.61625 -16.7316 1

-0.1279914 0.01043443 0.9917203 0
0.9556046 -0.2662898 0.126132 0
0.2654012 0.9638364 0.0241116 0
7.597157 48.24123 -15.64044 1

0.1297442 0.009744704 0.9914996 0
0.9261918 -0.3582182 -0.1176776 0
0.3540266 0.9335868 -0.05550213 0
7.598267 48.24121 -17.81972 1

2.407957E-07 3.073876E-07 -0.9999999 0
-0.9938862 0.1104083 -2.061276E-07 0
0.1104083 0.9938862 3.080792E-07 0
2.153201 49.26839 -16.7316 1

0.9885996 -0.002808061 0.1505415 0
-0.141545 0.3235754 0.9355555 0
-0.05133866 -0.946198 0.3194891 0
2.7979 48.64051 -16.44789 1

0.6689633 0.7278908 0.1505416 0
-0.1415445 0.3235759 -0.9355554 0
-0.7296939 0.6045439 0.3194894 0
2.7979 48.64051 -17.01532 1

2.67116E-07 2.177013E-07 -0.9999999 0
-0.98945 -0.1448729 -2.904736E-07 0
-0.1448729 0.9894499 1.532867E-07 0
1.431608 49.34855 -16.7316 1

-0.9856341 0.08516021 -0.145853 0
-0.1660076 -0.6474691 0.7437909 0
-0.03109393 0.7573183 0.6523049 0
2.697512 49.1576 -15.48574 1

0.9856856 -0.08487899 -0.1456693 0
-0.165683 -0.6475458 -0.7437969 0
-0.03119481 0.7572849 -0.6523396 0
2.697513 49.1576 -17.97746 1

0.856609 -0.3196524 0.4050229 0
-0.5152025 -0.5726004 0.6377265 0
0.02806538 -0.7549508 -0.6551803 0
2.242662 47.38358 -13.4478 1

-0.8566313 0.31954 0.4050653 0
-0.5151643 -0.5725231 -0.6378272 0
0.02809808 -0.7550576 0.6550567 0
2.243537 47.3833 -20.01549 1

-0.8643315 0.5023835 0.02327514 0
-0.2788949 -0.5173117 0.8090773 0
0.4185078 0.6928193 0.5872411 0
-0.3029923 44.55431 -10.29675 1

-0.005695991 -0.6298724 0.7766775 0
0.8998217 0.3355854 0.2787535 0
-0.4362209 0.700459 0.5648616 0
-0.3029923 44.55431 -10.29675 1

0.8565877 -0.5154085 0.02474509 0
-0.2841546 -0.5111959 -0.8111324 0
0.4307139 0.6877744 -0.5843396 0
-0.3020234 44.55432 -23.16716 1

0.001180828 0.6267244 0.7792403 0
0.8890932 0.3560202 -0.2876859 0
-0.4577253 0.6931569 -0.556796 0
-0.3020234 44.55432 -23.16716 1

-0.6550578 -0.6431076 -0.3966249 0
-0.3230533 -0.2361449 0.9164452 0
-0.6830344 0.7284555 -0.05306968 0
-1.165306 42.95484 -7.795165 1

0.6498505 0.6468562 -0.3990891 0
-0.3366395 -0.225808 -0.9141585 0
-0.6814461 0.7284151 0.07101584 0
-1.180603 42.97375 -25.6751 1

0.2641522 0.964481 -1.149751E-07 0
-0.964481 0.2641521 -1.506987E-07 0
-1.192093E-07 1.192093E-07 0.9999999 0
6.042227 48.6825 -16.7316 1

1.788139E-07 1.862645E-07 0.9999999 0
0.9954627 -0.09515195 -1.674709E-07 0
0.09515196 0.9954627 -2.006248E-07 0
6.03146 48.67383 -16.7316 1

1.628504E-07 5.423739E-08 -0.9999999 0
-0.985602 0.1690819 -1.611518E-07 0
0.1690819 0.985602 4.972519E-08 0
4.760062 49.03366 -16.7316 1

1.560159E-07 1.241879E-07 0.9999999 0
0.9866719 -0.1627207 -1.410268E-07 0
0.1627207 0.9866719 -1.466046E-07 0
7.688484 48.51544 -16.7316 1

-0.3588809 -0.9333643 -0.005944609 0
0.8783798 -0.3398795 0.3360514 0
-0.3156789 0.1153808 0.9418248 0
6.501138 48.50262 -16.03824 1

-0.3380764 -0.9388558 0.06522249 0
0.8800064 -0.3399296 -0.3317172 0
0.3336058 -0.05474959 0.9411215 0
6.501138 48.50262 -17.42497 1

2.183965E-07 1.333873E-07 -0.9999999 0
-0.9960633 0.08864514 -2.12963E-07 0
0.08864519 0.9960632 1.202629E-07 0
3.343474 49.27668 -16.7316 1

1.339818E-07 8.047424E-08 0.9999999 0
0.9772379 -0.2121452 -1.21215E-07 0
0.2121452 0.9772379 -1.061197E-07 0
8.546955 48.37386 -16.7316 1

-0.124864 0.0279038 0.9917813 0
0.8742122 -0.4696335 0.1232754 0
0.4692138 0.8824204 0.03424641 0
7.539795 48.10072 -15.64087 1

0.1384414 0.02232391 0.9901191 0
0.8523382 -0.5117943 -0.1076371 0
0.5043344 0.8588179 -0.0898811 0
7.541718 48.10067 -17.81721 1

2.286016E-07 2.483266E-07 -0.9999999 0
-0.9959602 0.08979537 -2.126667E-07 0
0.08979543 0.9959601 2.359E-07 0
2.170723 49.38105 -16.7316 1

0.9884458 0.0176722 0.1505415 0
-0.1482178 0.3205737 0.9355555 0
-0.03172633 -0.9470586 0.3194891 0
2.82829 48.76667 -16.44789 1

0.6537409 0.7415928 0.1505415 0
-0.1482173 0.3205743 -0.9355554 0
-0.742061 0.589298 0.3194893 0
2.82829 48.76667 -17.01532 1

2.567742E-07 1.592049E-07 -0.9999999 0
-0.9904268 -0.1380378 -2.761561E-07 0
-0.1380378 0.9904267 8.946528E-08 0
1.447624 49.44624 -16.7316 1

-0.9845649 -0.06614439 -0.1620402 0
-0.04930194 -0.7835292 0.6193959 0
-0.1679328 0.6178241 0.7681742 0
2.717212 49.28156 -15.48574 1

0.9845754 0.06642468 -0.1618616 0
-0.04896055 -0.783565 -0.6193777 0
-0.1679712 0.617749 -0.7682268 0
2.717213 49.28156 -17.97747 1

0.8914707 -0.2415766 0.3833028 0
-0.4221408 -0.7501202 0.5090352 0
0.1645522 -0.6155975 -0.7706892 0
2.582128 47.13474 -13.78864 1

-0.8914853 0.2415088 0.3833118 0
-0.4221141 -0.7500583 -0.509149 0
0.1645425 -0.6157 0.7706102 0
2.58306 47.13456 -19.67458 1

-0.927834 0.270523 0.2567908 0
-0.148742 -0.8997015 0.4103818 0
0.3420531 0.3425704 0.8750114 0
0.4962986 43.42834 -11.27346 1

0.08998737 -0.7276478 0.6800227 0
0.8995961 0.3523672 0.2580015 0
-0.427352 0.5885286 0.6862972 0
0.4962986 43.42834 -11.27346 1

0.9217654 -0.2805218 0.2676886 0
-0.1562697 -0.9005736 -0.4056447 0
0.3548653 0.3320775 -0.8739542 0
0.4972847 43.42833 -22.19042 1

-0.09418191 0.723221 0.6841649 0
0.8921778 0.3662528 -0.2643437 0
-0.4417564 0.5855005 -0.6797364 0
0.4972847 43.42833 -22.19042 1

-0.5149482 -0.433024 -0.7398098 0
-0.1816925 -0.7882889 0.5878677 0
-0.837745 0.437139 0.3272503 0
0.03640437 40.64655 -10.0046 1

0.5087389 0.424991 -0.748711 0
-0.1980421 -0.7885703 -0.5821832 0
-0.8378334 0.4444554 -0.3170102 0
0.01411319 40.64384 -23.44463 1

0.3141459 0.9493747 -1.429766E-07 0
-0.9493747 0.314146 -3.744912E-08 0
-8.940697E-08 2.131628E-14 1 0
6.040855 48.69759 -16.7316 1

1.788139E-07 1.564622E-07 0.9999999 0
0.9794633 -0.2016221 -1.547787E-07 0
0.2016221 0.9794633 -2.061681E-07 0
6.03146 48.68852 -16.7316 1

1.52654E-07 1.674208E-07 -1 0
-0.9844075 0.1759031 -5.398281E-08 0
0.175903 0.9844076 3.196412E-08 0
4.778773 49.11522 -16.7316 1

1.494742E-07 9.719638E-08 0.9999999 0
0.9439791 -0.3300045 -1.178677E-07 0
0.3300045 0.9439791 -1.592814E-07 0
7.661852 48.35291 -16.7316 1

-0.4948589 -0.8689641 -0.004012817 0
0.8178374 -0.467294 0.3358246 0
-0.2936946 0.1629039 0.941916 0
6.480009 48.46781 -16.03824 1

-0.464556 -0.8806024 0.09341769 0
0.8205205 -0.4677202 -0.3286087 0
0.333067 -0.07600607 0.9398347 0
6.480009 48.46781 -17.42497 1

2.087469E-07 2.461842E-07 -1 0
-0.9975882 0.06940982 -1.075877E-07 0
0.06940977 0.9975883 1.084626E-07 0
3.363902 49.36803 -16.7316 1

1.202497E-07 5.792411E-08 0.9999999 0
0.8980637 -0.4398648 -8.912931E-08 0
0.4398648 0.8980637 -1.24038E-07 0
8.483177 48.06578 -16.7316 1

-0.1181055 0.04786665 0.9918467 0
0.7473589 -0.6533971 0.1205258 0
0.6538391 0.7555004 0.04139626 0
7.447077 47.91525 -15.64114 1

0.1510597 0.02874809 0.9881064 0
0.7430412 -0.6625656 -0.09431788 0
0.6519741 0.7484517 -0.1214481 0
7.45025 47.91475 -17.81354 1

2.167323E-07 3.61299E-07 -1 0
-0.9975074 0.07056186 -1.073051E-07 0
0.07056183 0.9975075 2.239781E-07 0
2.189355 49.44976 -16.7316 1

0.9879208 0.03674074 0.1505414 0
-0.1543756 0.3176542 0.9355557 0
-0.01344708 -0.9474946 0.3194892 0
2.858654 48.84818 -16.44789 1

0.6393104 0.7540687 0.1505415 0
-0.1543751 0.3176549 -0.9355556 0
-0.7532932 0.5748704 0.3194895 0
2.858654 48.84818 -17.01532 1

2.466193E-07 2.727375E-07 -1 0
-0.9903682 -0.1384571 -1.688816E-07 0
-0.1384571 0.9903682 1.049142E-07 0
1.465133 49.50099 -16.7316 1

-0.9667305 -0.2278495 -0.1162616 0
0.11939 -0.8038763 0.5826913 0
-0.2262258 0.5494249 0.8043347 0
2.737662 49.36083 -15.48574 1

0.9666858 0.228127 -0.1160906 0
0.1197314 -0.8038595 -0.5826444 0
-0.2262374 0.5493344 -0.8043938 0
2.737663 49.36083 -17.97746 1

0.8741465 -0.254153 0.4138538 0
-0.4317226 -0.7969542 0.422469 0
0.2224506 -0.5479695 -0.8063781 0
3.064784 47.15826 -13.8892 1

-0.8741651 0.2541063 0.4138436 0
-0.431715 -0.7968792 -0.4226187 0
0.2223933 -0.5481008 0.8063053 0
3.065731 47.15823 -19.57393 1

-0.8741304 0.02303339 0.485145 0
0.01402262 -0.9972617 0.07261337 0
0.4854892 0.07027636 0.8714138 0
0.9316101 43.22045 -11.80175 1

0.1410746 -0.6615801 0.7364848 0
0.9638621 0.2615995 0.05036444 0
-0.2259843 0.7027645 0.674577 0
0.9316101 43.22045 -11.80175 1

0.8650051 -0.02360838 0.5012088 0
0.007837653 -0.9981355 -0.06054124 0
0.501703 0.05629699 -0.8632068 0
0.9325151 43.22064 -21.6622 1

-0.1497951 0.649394 0.7455531 0
0.9623031 0.2688926 -0.04086775 0
-0.227013 0.7113262 -0.6651928 0
0.9325151 43.22064 -21.6622 1

-0.6699787 -0.1829923 -0.7194736 0
0.1350761 -0.9830154 0.1242385 0
-0.7299885 -0.01394659 0.6833173 0
0.974967 40.13702 -11.57724 1

0.6689905 0.1631906 -0.7251357 0
0.1206874 -0.9865032 -0.1106675 0
-0.7334079 -0.01347894 -0.679656 0
0.956748 40.13451 -21.84938 1

0.3487743 0.9372067 -1.713284E-07 0
-0.9372067 0.3487742 -2.20391E-07 0
-1.490116E-07 2.384186E-07 0.9999999 0
6.039484 48.67704 -16.7316 1

5.960464E-08 1.937151E-07 0.9999999 0
0.9591346 -0.2829499 -2.587438E-08 0
0.2829499 0.9591346 -2.186459E-07 0
6.03146 48.66851 -16.7316 1

1.905888E-07 -1.266949E-07 -1 0
-0.9827556 0.1849089 -2.328733E-07 0
0.184909 0.9827556 -8.698905E-08 0
4.793577 49.1407 -16.7316 1

2.54041E-08 1.371149E-07 0.9999999 0
0.8976941 -0.4406187 1.712455E-08 0
0.4406188 0.8976941 -1.539991E-07 0
7.628013 48.19752 -16.7316 1

-0.5927826 -0.8053622 -0.0006900073 0
0.758449 -0.5585402 0.3358387 0
-0.2708572 0.198556 0.9419193 0
6.459947 48.41101 -16.03824 1

-0.5549966 -0.8236685 0.1164001 0
0.7622243 -0.5595798 -0.3253988 0
0.333156 -0.09187219 0.938385 0
6.459947 48.41101 -17.42497 1

2.474005E-07 -4.844836E-08 -1 0
-0.9982204 0.0596306 -2.721041E-07 0
0.05963063 0.9982203 -3.413783E-08 0
3.381081 49.40646 -16.7316 1

-8.310895E-09 1.016229E-07 0.9999999 0
0.8141578 -0.580643 4.876393E-08 0
0.5806431 0.8141579 -1.006967E-07 0
8.409067 47.81415 -16.7316 1

-0.1097767 0.06396905 0.9918957 0
0.6214564 -0.7744009 0.1187213 0
0.7757195 0.6294529 0.04525718 0
7.35679 47.75055 -15.64112 1

0.1639218 0.0327452 0.9859298 0
0.6385595 -0.7653239 -0.08074927 0
0.7519117 0.6428115 -0.146363 0
7.361254 47.74932 -17.80974 1

2.542574E-07 6.673912E-08 -1 0
-0.9981509 0.06078341 -2.719861E-07 0
0.06078342 0.9981508 8.156773E-08 0
2.20579 49.47667 -16.73161 1

0.9875132 0.04642014 0.1505416 0
-0.157481 0.3161264 0.9355555 0
-0.004161566 -0.9475806 0.3194894 0
2.880952 48.88168 -16.44789 1

0.6318902 0.7602974 0.1505414 0
-0.1574805 0.3161265 -0.9355556 0
-0.7588905 0.5674609 0.3194892 0
2.880952 48.88168 -17.01532 1

2.850108E-07 -2.152527E-08 -1 0
-0.9905837 -0.1369064 -3.011011E-07 0
-0.1369064 0.9905836 -6.52165E-08 0
1.4811 49.52081 -16.73161 1

-0.9204946 -0.3897063 0.02861047 0
0.3281766 -0.7312605 0.5979615 0
-0.2121076 0.5598094 0.8010141 0
2.754942 49.39312 -15.48574 1

0.9203761 0.3899748 0.02876916 0
0.3284999 -0.7311829 -0.5978794 0
-0.2121225 0.5597245 -0.80107 0
2.754943 49.39312 -17.97747 1

0.7541652 -0.4311101 0.4953575 0
-0.6231117 -0.7078996 0.3325809 0
0.2072843 -0.5594836 -0.8025031 0
3.654125 47.38951 -13.84737 1

-0.7541978 0.4310755 0.4953384 0
-0.6231214 -0.7077917 -0.3327931 0
0.2071374 -0.5596475 0.8024272 0
3.655043 47.38966 -19.61567 1

-0.8065034 -0.01254149 0.5910961 0
0.03057003 -0.9993222 0.02050768 0
0.5904383 0.03460938 0.8063405 0
0.575284 43.89173 -12.20406 1

0.2977727 -0.5822831 0.7564905 0
0.9534672 0.1421881 -0.2658631 0
0.04724386 0.8004555 0.5975276 0
0.575284 43.89173 -12.20406 1

0.7934355 0.01921217 0.6083519 0
0.02910018 -0.9995566 -0.006386923 0
0.6079592 0.02277068 -0.7936424 0
0.5760384 43.89227 -21.26009 1

-0.3276292 0.5634363 0.7584189 0
0.9431624 0.1477079 0.2977032 0
0.05571225 0.8128482 -0.5798055 0
0.5760384 43.89227 -21.26009 1

-0.8583558 -0.1454385 -0.4920092 0
0.2864926 -0.9314114 -0.2244864 0
-0.4256141 -0.3336463 0.8411496 0
0.6698036 40.80193 -12.14065 1

0.8610576 0.1260667 -0.4926332 0
0.2755839 -0.929866 0.2437284 0
-0.4273566 -0.3456259 -0.8354101 0
0.6660132 40.80174 -21.27984 1

0.3628313 0.9318549 -1.706904E-07 0
-0.9318549 0.3628314 -4.325288E-08 0
-1.192093E-07 1.192093E-07 1 0
6.038113 48.61724 -16.7316 1

5.960464E-08 1.937151E-07 0.9999999 0
0.9493447 -0.3142365 3.745992E-08 0
0.3142366 0.9493446 -2.174788E-07 0
6.03146 48.61028 -16.7316 1

1.987721E-07 1.056655E-07 -1 0
-0.981306 0.1924545 -5.711319E-08 0
0.1924544 0.981306 6.277114E-08 0
4.799321 49.09958 -16.7316 1

2.356723E-08 1.382664E-07 0.9999999 0
0.879357 -0.4761627 8.037881E-08 0
0.4761627 0.8793569 -1.415938E-07 0
7.611717 48.0872 -16.7316 1

-0.6325107 -0.7745407 0.004096518 0
0.7303503 -0.5946457 0.336132 0
-0.257912 0.215599 0.941806 0
6.451276 48.33886 -16.03824 1

-0.5892095 -0.7973098 0.1308784 0
0.7348962 -0.5961562 -0.3233037 0
0.3357973 -0.09431153 0.9372008 0
6.451276 48.33886 -17.42497 1

2.561834E-07 1.834732E-07 -1 0
-0.9982296 0.0594798 -1.176771E-07 0
0.05947965 0.9982296 1.356533E-07 0
3.388908 49.37619 -16.7316 1

-1.154003E-08 1.041509E-07 0.9999999 0
0.7822642 -0.6229463 1.101675E-07 0
0.6229465 0.7822642 -7.675276E-08 0
8.376818 47.67291 -16.7316 1

-0.103661 0.07328074 0.9919095 0
0.5531331 -0.8245893 0.1187254 0
0.8266185 0.5609652 0.04494381 0
7.314893 47.63572 -15.64077 1

0.1724643 0.03811318 0.9842782 0
0.5848999 -0.8079742 -0.07119922 0
0.792558 0.5879835 -0.1616391 0
7.320269 47.63393 -17.80726 1

2.630229E-07 2.986617E-07 -1 0
-0.9981602 0.06063255 -1.173631E-07 0
0.06063244 0.9981601 2.511804E-07 0
2.213606 49.44622 -16.7316 1

0.9875064 0.04656936 0.1505415 0
-0.1575289 0.3161024 0.9355557 0
-0.004018188 -0.9475814 0.3194892 0
2.888858 48.85133 -16.44789 1

0.6317753 0.7603928 0.1505415 0
-0.1575283 0.316103 -0.9355556 0
-0.7589765 0.5673462 0.3194895 0
2.888858 48.85133 -17.01532 1

2.937896E-07 2.10402E-07 -1 0
-0.9909984 -0.1338726 -1.824712E-07 0
-0.1338727 0.9909984 1.321037E-07 0
1.48891 49.49024 -16.7316 1

-0.8036857 -0.5101792 0.3062783 0
0.5757812 -0.5368009 0.6167017 0
-0.1502181 0.6719834 0.7251708 0
2.762771 49.36275 -15.48574 1

0.8034809 0.5104219 0.3064119 0
0.5760514 -0.5366514 -0.6165801 0
-0.1502796 0.6719192 -0.7252184 0
2.762772 49.36275 -17.97746 1

0.5850353 -0.5343306 0.6101025 0
-0.7981657 -0.5126904 0.3163549 0
0.1437559 -0.6720411 -0.7264261 0
4.340374 47.89195 -13.79602 1

-0.5850736 0.5342882 0.6101033 0
-0.7981658 -0.5125769 -0.3165396 0
0.1436015 -0.6721623 0.7263456 0
4.341169 47.89231 -19.66691 1

-0.7912287 0.09265491 0.6044605 0
-0.02559537 -0.9926065 0.1186485 0
0.6109847 0.07840627 0.78775 0
0.396579 45.35871 -12.23289 1

0.1723319 -0.586531 0.7913806 0
0.95667 -0.09176538 -0.2763374 0
0.2347017 0.8047116 0.5453022 0
0.396579 45.35871 -12.23289 1

0.7780234 -0.08240177 0.6228089 0
-0.02277261 -0.9944089 -0.1031185 0
0.6278237 0.06604562 -0.7755496 0
0.3972256 45.35954 -21.23102 1

-0.2086453 0.5765713 0.7899579 0
0.9456774 -0.08697768 0.3132571 0
0.2493236 0.8124045 -0.5271031 0
0.3972256 45.35954 -21.23102 1

-0.9612154 -0.2002624 -0.1896308 0
0.2677447 -0.8425233 -0.4674044 0
-0.06616497 -0.5000489 0.8634658 0
0.3174422 42.28967 -11.86604 1

0.9642698 0.1871314 -0.1875282 0
0.2570733 -0.8319858 0.4916448 0
-0.06401834 -0.5222861 -0.8503647 0
0.3268149 42.28492 -21.54985 1

0.3508857 0.9364182 -1.712344E-07 0
-0.9364182 0.3508857 -1.610381E-07 0
-1.192093E-07 2.384186E-07 0.9999999 0
6.035913 48.53127 -16.7316 1

5.960464E-08 1.788139E-07 0.9999999 0
0.9515353 -0.3075394 -2.294308E-08 0
0.3075394 0.9515352 -1.879376E-07 0
6.03146 48.52655 -16.7316 1

2.02867E-07 -1.515907E-08 -0.9999999 0
-0.9815142 0.191389 -1.752451E-07 0
0.191389 0.9815142 -1.666847E-08 0
4.791054 48.99773 -16.7316 1

2.395883E-08 1.231127E-07 0.9999999 0
0.8899161 -0.456124 1.38016E-08 0
0.4561239 0.889916 -1.233564E-07 0
7.615364 48.01463 -16.7316 1

-0.628431 -0.7777721 0.01203812 0
0.7349362 -0.5886077 0.3367632 0
-0.2548393 0.2204797 0.9415125 0
6.453178 48.25811 -16.03824 1

-0.5801666 -0.8027002 0.1381268 0
0.7398431 -0.5902819 -0.3227994 0
0.3406449 -0.08508518 0.9363341 0
6.453178 48.25811 -17.42497 1

2.601937E-07 6.271087E-08 -0.9999999 0
-0.9978507 0.06552693 -2.238234E-07 0
0.06552687 0.9978507 4.272793E-08 0
3.380342 49.2728 -16.7316 1

-1.036674E-08 8.82108E-08 0.9999999 0
0.8062627 -0.5915573 4.022999E-08 0
0.5915574 0.8062627 -7.115783E-08 0
8.38965 47.61777 -16.7316 1

-0.09962539 0.07929907 0.9918601 0
0.5555228 -0.822567 0.1215625 0
0.8255114 0.5631117 0.0378961 0
7.322218 47.5621 -15.64003 1

0.1761109 0.04588412 0.9833004 0
0.5952486 -0.8005514 -0.06925369 0
0.7840049 0.5975047 -0.1682983 0
7.328021 47.56012 -17.80667 1

2.67731E-07 1.778558E-07 -0.9999999 0
-0.9977744 0.06667926 -2.236167E-07 0
0.06667927 0.9977743 1.583776E-07 0
2.205486 49.34996 -16.7316 1

0.9877703 0.04058523 0.1505415 0
-0.1556107 0.3170511 0.9355554 0
-0.009759575 -0.9475394 0.3194892 0
2.877121 48.75098 -16.44789 1

0.6363708 0.7565508 0.1505415 0
-0.1556101 0.3170515 -0.9355555 0
-0.7555248 0.5719344 0.3194892 0
2.877121 48.75098 -17.01532 1

2.979624E-07 8.94113E-08 -0.9999999 0
-0.9910618 -0.1334019 -2.688451E-07 0
-0.1334019 0.9910617 1.897514E-08 0
1.48107 49.39837 -16.7316 1

-0.5964321 -0.455506 0.6608956 0
0.7997518 -0.2671748 0.5376005 0
-0.06830573 0.8491944 0.5236433 0
2.754135 49.26316 -15.48574 1

0.5961776 0.4556993 0.6609921 0
0.799929 -0.2669586 -0.5374449 0
-0.06845585 0.8491593 -0.5236819 0
2.754136 49.26316 -17.97747 1

0.5420664 -0.4129974 0.731845 0
-0.8381188 -0.3289227 0.435163 0
0.06099936 -0.8492599 -0.5244388 0
4.945404 48.53112 -14.01275 1

-0.5420858 0.4129119 0.7318792 0
-0.838109 -0.3288548 -0.4352341 0
0.06096879 -0.8493285 0.5243326 0
4.945965 48.53168 -19.45008 1

-0.967647 0.005360842 0.2522508 0
0.1263246 -0.8551447 0.5027617 0
0.2184062 0.518361 0.8268011 0
0.8041973 46.90589 -11.86258 1

0.122023 -0.3646066 0.9231319 0
0.9830106 -0.0840939 -0.1631524 0
0.1371161 0.9273562 0.3481508 0
0.8041973 46.90589 -11.86258 1

0.9632439 0.00346482 0.2686074 0
0.139668 -0.8605999 -0.4897567 0
0.2294664 0.5092707 -0.8294511 0
0.8046522 46.90673 -21.60069 1

-0.1587446 0.3550397 0.9212748 0
0.9768014 -0.07936645 0.1988986 0
0.1437351 0.9314764 -0.3342043 0
0.8046522 46.90673 -21.60069 1

-0.8119469 -0.5837199 -0.003565563 0
0.5658912 -0.7856189 -0.2501389 0
0.1432098 -0.2051175 0.9682033 0
1.194779 44.26187 -10.30809 1

0.8096743 0.5868126 -0.008889742 0
0.5652466 -0.7756637 0.2807897 0
0.1578756 -0.232373 -0.9597285 0
1.236491 44.24584 -23.11497 1

0.3124234 0.9499429 -1.728467E-07 0
-0.9499429 0.3124234 -9.684842E-08 0
-1.192093E-07 1.192093E-07 1 0
6.032053 48.44529 -16.7316 1

0 1.788139E-07 0.9999999 0
0.9629634 -0.2696318 3.214262E-08 0
0.2696318 0.9629633 -1.893E-07 0
6.03146 48.44283 -16.7316 1

1.635307E-07 -8.295032E-09 -1 0
-0.9835815 0.1804642 -1.097198E-07 0
0.1804642 0.9835815 -6.519282E-08 0
4.769216 48.86062 -16.7316 1

-3.341294E-08 1.217453E-07 0.9999999 0
0.9204088 -0.3909568 6.460738E-08 0
0.3909568 0.9204087 -1.180218E-07 0
7.634387 47.99401 -16.7316 1

-0.5860959 -0.8100098 0.0193855 0
0.7665053 -0.5465455 0.3372793 0
-0.2626045 0.2125371 0.9412051 0
6.463474 48.19129 -16.03824 1

-0.5354609 -0.833638 0.1353841 0
0.7711493 -0.5479634 -0.3241366 0
0.3443982 -0.06916108 0.9362725 0
6.463474 48.19129 -17.42497 1

2.199881E-07 7.020749E-08 -1 0
-0.9970365 0.07693032 -1.525755E-07 0
0.07693033 0.9970364 6.33608E-09 0
3.355532 49.12 -16.7316 1

-6.514016E-08 8.446568E-08 0.9999999 0
0.8661571 -0.4997713 8.730287E-08 0
0.4997713 0.8661571 -6.116198E-08 0
8.435205 47.65385 -16.7316 1

-0.09990504 0.08013317 0.991765 0
0.625496 -0.7701109 0.1252329 0
0.7738045 0.6328567 0.02681498 0
7.369843 47.54502 -15.63942 1

0.172929 0.05247251 0.9835354 0
0.6635007 -0.744207 -0.07695513 0
0.7279162 0.6658843 -0.1635105 0
7.375335 47.54334 -17.80825 1

2.288413E-07 1.852588E-07 -1 0
-0.9969469 0.0780817 -1.524109E-07 0
0.07808171 0.9969469 1.219036E-07 0
2.181634 49.21058 -16.7316 1

0.9881698 0.02929013 0.1505415 0
-0.1519759 0.3188094 0.9355556 0
-0.02059147 -0.9473661 0.3194893 0
2.846378 48.60396 -16.44789 1

0.6449784 0.7492263 0.1505414 0
-0.1519754 0.3188098 -0.9355557 0
-0.748937 0.5805345 0.3194894 0
2.846378 48.60396 -17.01532 1

2.580596E-07 9.647441E-08 -1 0
-0.9905753 -0.1369677 -1.917405E-07 0
-0.1369677 0.9905753 -5.467292E-09 0
1.457819 49.26727 -16.7316 1

-0.4934762 -0.1719382 0.8525954 0
0.8670369 -0.01975004 0.4978522 0
-0.06876105 0.9849094 0.1588229 0
2.729256 49.11751 -15.48574 1

0.4932694 0.172109 0.8526809 0
0.8671345 -0.01951402 -0.4976921 0
-0.06901821 0.984885 -0.1588675 0
2.729256 49.11751 -17.97747 1

0.5206323 -0.1048721 0.847316 0
-0.8515772 -0.1350501 0.5065357 0
0.06130865 -0.9852729 -0.1596181 0
5.104882 49.0634 -14.12166 1

-0.5205791 0.1047375 0.8473659 0
-0.8516031 -0.135075 -0.5064864 0
0.06140986 -0.9852848 0.159512 0
5.105231 49.06404 -19.34116 1

-0.9274218 -0.3708225 -0.04878017 0
0.1025605 -0.3775622 0.9202873 0
-0.359681 0.8484907 0.3881913 0
0.8971767 48.3961 -11.61883 1

0.04029015 -0.002739592 0.9991846 0
0.998829 -0.02670247 -0.04034929 0
0.02679121 0.9996396 0.001660496 0
0.8971767 48.3961 -11.61883 1

0.9232615 0.382788 -0.03260636 0
0.1242937 -0.377938 -0.9174505 0
-0.3635121 0.8429934 -0.3965136 0
0.8972406 48.3966 -21.84384 1

-0.07425014 -0.006872751 0.9972165 0
0.9968246 -0.029381 0.07401852 0
0.02879041 0.999545 0.00903219 0
0.8972406 48.3966 -21.84384 1

-0.638489 -0.6347166 0.4352776 0
0.7694827 -0.5375594 0.3448564 0
0.01510139 0.5551251 0.8316298 0
1.214283 47.22872 -8.773396 1

0.6204391 0.6467767 0.4435498 0
0.7835981 -0.534407 -0.3168361 0
0.03211373 0.5441419 -0.8383793 0
1.281544 47.22805 -24.68051 1

0.2560833 0.9666547 -8.54319E-08 0
-0.9666547 0.2560832 -1.497368E-07 0
-1.192093E-07 1.192093E-07 0.9999999 0
6.027366 48.38548 -16.7316 1

5.960464E-08 1.41561E-07 0.9999999 0
0.978428 -0.2065874 -3.49775E-08 0
0.2065874 0.978428 -1.613412E-07 0
6.03146 48.3846 -16.7316 1

1.541974E-07 5.650396E-08 -1 0
-0.9857194 0.1683958 -1.526512E-07 0
0.1683959 0.9857194 8.030274E-08 0
4.742311 48.72591 -16.7316 1

2.996467E-08 8.24448E-08 0.9999999 0
0.9571894 -0.2894613 -9.799834E-09 0
0.2894613 0.9571894 -9.857534E-08 0
7.660129 48.04071 -16.7316 1

-0.5031418 -0.8640153 0.01805262 0
0.8166304 -0.4685054 0.3370714 0
-0.2827771 0.184337 0.941306 0
6.478884 48.16161 -16.03824 1

-0.4590093 -0.881183 0.1132555 0
0.8200139 -0.4692611 -0.327675 0
0.341888 -0.05753482 0.9379777 0
6.478884 48.16161 -17.42497 1

2.096884E-07 1.356925E-07 -1 0
-0.9952475 0.09737765 -2.055257E-07 0
0.09737772 0.9952474 1.533813E-07 0
3.325555 48.96795 -16.7316 1

2.440967E-09 4.196235E-08 0.9999999 0
0.9351807 -0.3541701 8.358633E-09 0
0.3541701 0.9351807 -5.140799E-08 0
8.492949 47.78886 -16.7316 1

-0.1078072 0.06860489 0.9918017 0
0.7406595 -0.6599298 0.1261571 0
0.6631747 0.7481884 0.02033235 0
7.444524 47.60762 -15.63966 1

0.1597669 0.04712245 0.9860294 0
0.766358 -0.6355282 -0.09380144 0
0.6222295 0.770638 -0.137649 0
7.448525 47.60673 -17.81243 1

2.209011E-07 2.505379E-07 -1 0
-0.9951344 0.09852696 -2.051912E-07 0
